420.0
426.3829787234043
432.7659574468085
439.1489361702128
445.531914893617
451.9148936170213
458.29787234042556
464.6808510638298
471.06382978723406
477.4468085106383
483.82978723404256
490.2127659574468
496.59574468085106
502.97872340425533
509.36170212765956
515.7446808510638
522.1276595744681
528.5106382978723
534.8936170212766
541.2765957446809
547.6595744680851
554.0425531914893
560.4255319148936
566.8085106382979
573.1914893617021
579.5744680851064
585.9574468085107
592.3404255319149
598.7234042553191
605.1063829787233
611.4893617021277
617.8723404255319
624.2553191489362
630.6382978723404
637.0212765957447
643.4042553191489
649.7872340425532
656.1702127659574
662.5531914893617
668.936170212766
675.3191489361702
681.7021276595744
688.0851063829787
694.468085106383
700.8510638297872
707.2340425531916
713.6170212765958
720.0